[gd_scene load_steps=20 format=3 uid="uid://bh8pch3imi0ak"]

[ext_resource type="PackedScene" uid="uid://c8inah42qexvf" path="res://scenes/world_environment.tscn" id="2_7v3pl"]
[ext_resource type="PackedScene" uid="uid://cbcipbwfioql7" path="res://prefabs/landscape.tscn" id="4_jcnyd"]
[ext_resource type="Shader" path="res://materials/land.gdshader" id="5_6sm1c"]
[ext_resource type="PackedScene" uid="uid://bp2bdgfikb3d7" path="res://prefabs/player.tscn" id="6_k71cb"]
[ext_resource type="Texture2D" uid="uid://b31pkab8lgkwl" path="res://textures/land_mask.png" id="6_mydt6"]
[ext_resource type="Texture2D" uid="uid://c8v8sj22jlrxn" path="res://textures/grass_1.png" id="7_j4rvh"]
[ext_resource type="PackedScene" uid="uid://fqhnvqn5058w" path="res://prefabs/sdiper_spawner.tscn" id="7_rytu2"]
[ext_resource type="Texture2D" uid="uid://cban5c7rt5ws0" path="res://textures/grass_2.png" id="8_ac4j8"]
[ext_resource type="PackedScene" uid="uid://btmydoiip27wu" path="res://prefabs/stuff/pumpkin.tscn" id="8_sh2t5"]
[ext_resource type="PackedScene" uid="uid://p3w1nnmhutpv" path="res://prefabs/stuff/carrot.tscn" id="9_cfjbc"]
[ext_resource type="PackedScene" uid="uid://uaprawtuja7g" path="res://prefabs/stuff/rock.tscn" id="10_bt2jl"]
[ext_resource type="PackedScene" uid="uid://ckjrwlh3ixlti" path="res://prefabs/stuff/crate.tscn" id="11_wvpxk"]
[ext_resource type="PackedScene" uid="uid://bh5ar1gec4ihw" path="res://prefabs/stuff/tree.tscn" id="12_4jota"]
[ext_resource type="PackedScene" uid="uid://c2x34s6ndbtew" path="res://prefabs/stump.tscn" id="13_b1dpq"]

[sub_resource type="ShaderMaterial" id="ShaderMaterial_x6e40"]
resource_local_to_scene = true
render_priority = 0
shader = ExtResource("5_6sm1c")
shader_parameter/grass_tint_1 = Color(0, 0.382375, 2.88785e-07, 1)
shader_parameter/grass_tint_2 = Color(0, 0, 0, 1)
shader_parameter/dirt_tint_1 = Color(0.820466, 0.426403, 0.166626, 1)
shader_parameter/grass_cutoff = 0.831
shader_parameter/control_texture = ExtResource("6_mydt6")
shader_parameter/grass_texture_1 = ExtResource("7_j4rvh")
shader_parameter/grass_texture_2 = ExtResource("8_ac4j8")

[sub_resource type="WorldBoundaryShape3D" id="WorldBoundaryShape3D_ten6u"]
plane = Plane(0, 0, -1, 0)

[sub_resource type="WorldBoundaryShape3D" id="WorldBoundaryShape3D_4hkud"]
plane = Plane(0, 0, 1, 0)

[sub_resource type="WorldBoundaryShape3D" id="WorldBoundaryShape3D_vbkxj"]
plane = Plane(-1, 0, 0, 0)

[sub_resource type="WorldBoundaryShape3D" id="WorldBoundaryShape3D_j7l36"]
plane = Plane(1, 0, 0, 0)

[node name="Main" type="Node3D"]

[node name="Player" parent="." instance=ExtResource("6_k71cb")]
transform = Transform3D(1, 0, 0, 0, 1, 0, 0, 0, 1, -0.290528, 13.6261, -3.89302)

[node name="WorldEnvironment" parent="." instance=ExtResource("2_7v3pl")]

[node name="Grid" parent="." instance=ExtResource("4_jcnyd")]
surface_material_override/0 = SubResource("ShaderMaterial_x6e40")

[node name="SdiperSpawner" parent="." instance=ExtResource("7_rytu2")]
transform = Transform3D(0.664226, 0, 0.747532, 0, 1, 0, -0.747532, 0, 0.664226, 8, 8.12002, 10)

[node name="Stuff" type="Node3D" parent="."]
transform = Transform3D(0.979631, -0.200804, 0, 0.200804, 0.979631, 0, 0, 0, 1, 12.7233, 9.09467, -5.41625)

[node name="Pumpkin" parent="Stuff" instance=ExtResource("8_sh2t5")]

[node name="Pumpkin2" parent="Stuff" instance=ExtResource("8_sh2t5")]
transform = Transform3D(0.280263, -0.039362, 1.47306, 0.249229, 1.47913, -0.00789392, -1.45236, 0.246228, 0.282903, -0.103886, 0.219826, -2.62351)

[node name="Pumpkin3" parent="Stuff" instance=ExtResource("8_sh2t5")]
transform = Transform3D(0.989594, 0.401609, -1.69098, -0.202847, 1.95926, 0.346616, 1.72614, 0, 1.01017, 3.3389, 0.0770454, -0.872077)

[node name="Pumpkin4" parent="Stuff" instance=ExtResource("8_sh2t5")]
transform = Transform3D(0.979631, 0.200804, 0, -0.200804, 0.979631, 0, 0, 0, 1, -28.159, 1.86894, 13.8273)

[node name="Pumpkin5" parent="Stuff" instance=ExtResource("8_sh2t5")]
transform = Transform3D(0.60979, 0.301207, -1.33695, -0.124994, 1.46945, 0.274047, 1.36475, 0, 0.622469, -25.8827, 1.80255, 15.2233)

[node name="Pumpkin6" parent="Stuff" instance=ExtResource("8_sh2t5")]
transform = Transform3D(0.242992, -0.68768, -1.86227, -0.574378, 1.77157, -0.729132, 1.90027, 0.62341, 0.0177443, -25.8343, 2.47877, 11.7087)

[node name="Pumpkin7" parent="Stuff" instance=ExtResource("8_sh2t5")]
transform = Transform3D(0.663971, -0.266381, -0.698702, 0.183499, 0.963868, -0.193098, 0.724894, -2.98023e-08, 0.688861, -23.6573, 2.22892, 13.7837)

[node name="Carrot" parent="Stuff" instance=ExtResource("9_cfjbc")]
transform = Transform3D(0.628778, 0.200804, -0.75121, -0.128887, 0.979631, 0.153983, 0.766829, 0, 0.641851, -12.4712, -0.288721, 20.992)

[node name="Carrot2" parent="Stuff" instance=ExtResource("9_cfjbc")]
transform = Transform3D(1.17556, 0.240965, 0, -0.240965, 1.17556, 0, 0, 0, 1.2, -13.3602, -0.137553, 20.3376)

[node name="Carrot3" parent="Stuff" instance=ExtResource("9_cfjbc")]
transform = Transform3D(0.988102, 0.301207, 1.08763, -0.202541, 1.46945, -0.222941, -1.11024, 0, 1.00865, -13.419, -0.165729, 21.6553)

[node name="Carrot4" parent="Stuff" instance=ExtResource("9_cfjbc")]
transform = Transform3D(0.684324, 0.200804, -0.700984, -0.140272, 0.979631, 0.143687, 0.715559, 0, 0.698553, -14.1987, -0.0707836, 21.2419)

[node name="Carrot5" parent="Stuff" instance=ExtResource("9_cfjbc")]
transform = Transform3D(0.962336, 0.240965, -0.675163, -0.197259, 1.17556, 0.138395, 0.689201, 0, 0.982345, -12.4027, -0.26989, 22.0438)

[node name="Carrot6" parent="Stuff" instance=ExtResource("9_cfjbc")]
transform = Transform3D(0.979631, 0.200804, 0, -0.200804, 0.979631, 0, 0, 0, 1, -15.5242, 1.8087, -4.40233)

[node name="Carrot7" parent="Stuff" instance=ExtResource("9_cfjbc")]
transform = Transform3D(1.12039, 0.240965, -0.355884, -0.229658, 1.17556, 0.0729488, 0.363283, 0, 1.14369, -14.7866, 1.88847, -5.4622)

[node name="Carrot8" parent="Stuff" instance=ExtResource("9_cfjbc")]
transform = Transform3D(-0.0219199, 0.791852, 0.61032, -0.999755, -0.0155141, -0.015778, -0.00302534, -0.610516, 0.791998, -14.0724, 1.81343, -4.27743)

[node name="Rock" parent="Stuff" instance=ExtResource("10_bt2jl")]
transform = Transform3D(0.964705, -0.263334, 0, 0.263334, 0.964705, 0, 0, 0, 1, 1.51514, -0.0395288, 9.92085)

[node name="Rock2" parent="Stuff" instance=ExtResource("10_bt2jl")]
transform = Transform3D(-1.26282, 0.690839, 0.42193, 0.743109, 1.29941, 0.0965272, -0.321051, 0.290291, -1.4362, 0.31637, 0.315466, 12.9998)

[node name="Rock3" parent="Stuff" instance=ExtResource("10_bt2jl")]
transform = Transform3D(0.607826, 0.200804, -0.768261, -0.124592, 0.979631, 0.157478, 0.784235, 0, 0.620464, 0.690114, 0.166061, 16.1085)

[node name="Rock4" parent="Stuff" instance=ExtResource("10_bt2jl")]
transform = Transform3D(1.95926, 0.401609, 0, -0.401609, 1.95926, 0, 0, 0, 2, -24.2335, 0.384289, 22.572)

[node name="Rock5" parent="Stuff" instance=ExtResource("10_bt2jl")]
transform = Transform3D(0.979631, 0.200804, 0, -0.200804, 0.979631, 0, 0, 0, 1, -27.5298, 4.11794, 21.5864)

[node name="Rock6" parent="Stuff" instance=ExtResource("10_bt2jl")]
transform = Transform3D(0.73566, -0.677351, 0, 0.677351, 0.73566, 0, 0, 0, 1, -29.536, 3.09968, 20.5761)

[node name="Crate" parent="Stuff" instance=ExtResource("11_wvpxk")]
transform = Transform3D(0.979631, 0.200804, 0, -0.200804, 0.979631, 0, 0, 0, 1, -5.29271, 4.93382, -4.10479)

[node name="Crate2" parent="Stuff" instance=ExtResource("11_wvpxk")]
transform = Transform3D(0.979631, 0.200804, 0, -0.200804, 0.979631, 0, 0, 0, 1, -10.1973, 6.72176, 19.8884)

[node name="Crate3" parent="Stuff" instance=ExtResource("11_wvpxk")]
transform = Transform3D(0.979631, 0.200804, 0, -0.200804, 0.979631, 0, 0, 0, 1, -10.2156, 6.71708, 20.9304)

[node name="Crate4" parent="Stuff" instance=ExtResource("11_wvpxk")]
transform = Transform3D(0.979631, 0.200804, 0, -0.200804, 0.979631, 0, 0, 0, 1, -9.21246, 6.53073, 19.9192)

[node name="Crate5" parent="Stuff" instance=ExtResource("11_wvpxk")]
transform = Transform3D(0.979631, 0.200804, 0, -0.200804, 0.979631, 0, 0, 0, 1, -9.26081, 6.47572, 20.909)

[node name="Crate6" parent="Stuff" instance=ExtResource("11_wvpxk")]
transform = Transform3D(0.844113, 0.536166, 0, -0.536166, 0.844113, 0, 0, 0, 1, -8.5535, 2.55538, 4.85513)

[node name="Crate7" parent="Stuff" instance=ExtResource("11_wvpxk")]
transform = Transform3D(0.979631, 0.191528, 0.0603262, -0.200804, 0.934378, 0.294304, 0, -0.300423, 0.953806, -12.9881, 1.53515, -3.42938)

[node name="Crate8" parent="Stuff" instance=ExtResource("11_wvpxk")]
transform = Transform3D(1.49878, -0.0604855, 0, 0.0604855, 1.49878, 0, 0, 0, 1.5, -31.5651, 1.85165, 5.71258)

[node name="Tree" parent="Stuff" instance=ExtResource("12_4jota")]
transform = Transform3D(0.979631, 0.200804, 0, -0.200804, 0.979631, 0, 0, 0, 1, 5.25095, -1.99148, -8.43458)

[node name="Tree2" parent="Stuff" instance=ExtResource("12_4jota")]
transform = Transform3D(0.22739, 0.180724, -0.851841, -0.0466103, 0.881668, 0.17461, 0.869552, 0, 0.232118, 2.24014, -1.32255, -10.0669)

[node name="Tree3" parent="Stuff" instance=ExtResource("12_4jota")]
transform = Transform3D(-0.40393, 0.120483, -0.426995, 0.0827974, 0.587779, 0.0875252, 0.435873, 0, -0.412329, 2.48153, -0.396643, -7.3127)

[node name="Tree4" parent="Stuff" instance=ExtResource("12_4jota")]
transform = Transform3D(0.891816, 0.14147, -0.429709, -0.154181, 0.988028, 0.00529537, 0.425314, 0.0615305, 0.902952, 0.139751, -0.370837, -8.14648)

[node name="Tree5" parent="Stuff" instance=ExtResource("12_4jota")]
transform = Transform3D(0.979631, 0.200804, 0, -0.200804, 0.979631, 0, 0, 0, 1, -29.8911, 2.59108, -1.48316)

[node name="Tree6" parent="Stuff" instance=ExtResource("12_4jota")]
transform = Transform3D(0.348745, 0.160644, -0.701834, -0.0714855, 0.783705, 0.143862, 0.716427, 0, 0.355996, -33.5336, 2.10604, 0.394367)

[node name="Tree7" parent="Stuff" instance=ExtResource("12_4jota")]
transform = Transform3D(-0.277918, 0.240965, -1.14223, 0.0569676, 1.17556, 0.234134, 1.16598, 0, -0.283697, -33.3552, 2.92316, -3.66224)

[node name="Rock7" parent="Stuff" instance=ExtResource("10_bt2jl")]
transform = Transform3D(0.979631, 0.200804, 0, -0.200804, 0.979631, 0, 0, 0, 1, -18.185, 4.31544, -9.44474)

[node name="Tree8" parent="Stuff" instance=ExtResource("12_4jota")]
transform = Transform3D(0.979631, 0.200804, 0, -0.200804, 0.979631, 0, 0, 0, 1, -20.4702, 4.78793, -9.36217)

[node name="Tree9" parent="Stuff" instance=ExtResource("12_4jota")]
transform = Transform3D(0.78957, 0.240965, 0.870927, -0.161846, 1.17556, -0.178522, -0.889036, 0, 0.805987, -23.4469, 5.50001, -8.82884)

[node name="Tree10" parent="Stuff" instance=ExtResource("12_4jota")]
transform = Transform3D(0.377977, 0.140563, -0.572167, -0.0774776, 0.685742, 0.117283, 0.584064, 0, 0.385836, -26.9196, 5.65662, -8.69883)

[node name="Rock8" parent="Stuff" instance=ExtResource("10_bt2jl")]
transform = Transform3D(0.979631, 0.186315, -0.0748943, -0.200804, 0.908944, -0.365375, 0, 0.372972, 0.927843, -24.5859, 3.08663, -5.87212)

[node name="Tree11" parent="Stuff" instance=ExtResource("12_4jota")]
transform = Transform3D(1.95926, 0.401609, 0, -0.401609, 1.95926, 0, 0, 0, 2, -28.1175, 4.12193, 23.9592)

[node name="Tree12" parent="Stuff" instance=ExtResource("12_4jota")]
transform = Transform3D(1.46945, 0.301207, 0, -0.301207, 1.46945, 0, 0, 0, 1.5, 5.18802, -3.80439, 23.5772)

[node name="Tree13" parent="Stuff" instance=ExtResource("12_4jota")]
transform = Transform3D(1.17556, 0.240965, 0, -0.240965, 1.17556, 0, 0, 0, 1.2, 3.92113, -3.79012, 28.0947)

[node name="Tree14" parent="Stuff" instance=ExtResource("12_4jota")]
transform = Transform3D(0.979631, 0.200804, 0, -0.200804, 0.979631, 0, 0, 0, 1, 6.83271, -6.12208, 26.9031)

[node name="Tree15" parent="Stuff" instance=ExtResource("12_4jota")]
transform = Transform3D(0.979631, 0.200804, 0, -0.200804, 0.979631, 0, 0, 0, 1, 7.27463, -4.37967, 20.5303)

[node name="WorlsBounds" type="StaticBody3D" parent="."]

[node name="Left" type="CollisionShape3D" parent="WorlsBounds"]
transform = Transform3D(1, 0, 0, 0, 1, 0, 0, 0, 1, 0, 0, 25)
shape = SubResource("WorldBoundaryShape3D_ten6u")

[node name="Right" type="CollisionShape3D" parent="WorlsBounds"]
transform = Transform3D(1, 0, 0, 0, 1, 0, 0, 0, 1, 0, 0, -25)
shape = SubResource("WorldBoundaryShape3D_4hkud")

[node name="Forward" type="CollisionShape3D" parent="WorlsBounds"]
transform = Transform3D(1, 0, 0, 0, 1, 0, 0, 0, 1, 25, 3.19236, 0)
shape = SubResource("WorldBoundaryShape3D_vbkxj")

[node name="Back" type="CollisionShape3D" parent="WorlsBounds"]
transform = Transform3D(1, 0, 0, 0, 1, 0, 0, 0, 1, -25, 0, 0)
shape = SubResource("WorldBoundaryShape3D_j7l36")

[node name="Stump" parent="." instance=ExtResource("13_b1dpq")]
transform = Transform3D(1, 0, 0, 0, 1, 0, 0, 0, 1, -1.90644, 10.7077, -1.23926)

[node name="Stump2" parent="." instance=ExtResource("13_b1dpq")]
transform = Transform3D(1, 0, 0, 0, 1, 0, 0, 0, 1, 14.3958, 6.53773, -18.5814)

[node name="Stump3" parent="." instance=ExtResource("13_b1dpq")]
transform = Transform3D(1, 0, 0, 0, 1, 0, 0, 0, 1, -0.912148, 5.67839, 17.3622)

[node name="SdiperSpawner2" parent="." instance=ExtResource("7_rytu2")]
transform = Transform3D(-0.959353, 0, -0.282208, 0.0672729, 0.971172, -0.228692, 0.274072, -0.238381, -0.931697, 1.12613, 6.36401, -20.287)
